gridtype = unstructured
gridsize = 35
xvals    = 90.366667 90.65 89.366667 90.7 91.816667 91.8 88.816667 91.183333 91.966667 90.383333 88.683333 89.85 91.416667 92 89.333333 89.33333 90.233333 89.533333 91.85 90.183333 92 89.6 90.416667 90.333333 88.7 89.266667 92.15 91.433333 89.083333 91.7 91.733333 88.916667 91.883333 89.933333 92.3
yvals    = 23.716667 22.683333 24.85 23.233333 22.35 22.216667 23.65 23.433333 21.45 23.783333 23.65 23.6 23.033333 22.45 24.15 23.2 21.983333 22.783333 21.816667 23.166667 22.866667 22.466667 24.733333 22.333333 24.366667 25.733333 22.633333 22.483333 22.716667 22.633333 24.3 25.75 24.9 24.25 20.866667
